10006656.0
26988292.0 
39202712.0 
32319020.0 
-2514616.0 
-61543080.0 
-128510900.0 
-180202400.0 
-194510464.0 
-156623964.0 
-61845124.0 
82081528.0 
254002724.0 
418304384.0 
528793396.0 
539339492.0 
422464960.0 
185809520.0 
-123228008.0 
-428891720.0 
-652603136.0 
-739755436.0 
-678163044.0 
-501095532.0 
-273032104.0 
-66000988.0 
65073780.0 
100947992.0 
66104860.0 
23939148.0 
57334100.0 
236435948.0 
583397180.0 
1045825184.0 
1494592052.0 
1752585292.0 
1649573168.0 
1085984356.0 
82226652.0 
-1206481548.0 
-2516136524.0 
-3532826136.0 
-3969473256.0 
-3641468044.0 
-2523688172.0 
-774761308.0 
1281048956.0 
3216640668.0 
4600961352.0
5110271500.0 
4600961352.0 
3216640668.0 
1281048956.0 
-774761308.0 
-2523688172.0 
-3641468044.0 
-3969473256.0 
-3532826136.0 
-2516136524.0 
-1206481548.0 
82226652.0 
1085984356.0
1649573168.0
1752585292.0
1494592052.0 
1045825184.0 
583397180.0 
236435948.0 
57334100.0 
23939148.0 
66104860.0 
100947992.0 
65073780.0 
-66000988.0 
-273032104.0 
-501095532.0 
-678163044.0 
-739755436.0 
-652603136.0 
-428891720.0 
-123228008.0 
185809520.0 
422464960.0 
539339492.0 
528793396.0 
418304384.0 
254002724.0 
82081528.0 
-61845124.0 
-156623964.0 
-194510464.0 
-180202400.0 
-128510900.0 
-61543080.0 
-2514616.0 
32319020.0 
39202712.0 
26988292.0 
10006656.0