0
0
0
0
0
0
0
0
0
0
0
0
0
0
0
0
0
0
0
0
0
1232
738
-99.9998
-1180
-2228
-2868
-3014
-2736
-2222
-1636
-1012
-244
756
1784
2434
2238
1048
-536
-1642
-1476
160
2750
5140
6022
4600
936
-3692
-7612
-9570
-8590
-4878
118
4422
6422
6156
4668
3302
2732
2314
634
-3692
-7504
-10050
-9628
-5490
710
5958
7832
6498
3922
2986
4440
6404
6024
1808
-4614
-9700
-10874
-8554
-5756
-5248
-6944
-7974
-5330
1620
10374
16912
18454
14748
7710
-236
-6954
-10630
-9918
-4022
5812
14952
19064
15516
5722
-4004
-8440
-7096
-2166
1666
750
-4414
-9918
-11600
-8522
-3146
864
882
-2430
-6284
-7576
-5052
490
6654
11454
13486
12252
8140
2712
-1890
-3578
-2008
1438
4468
5414
3878
474
-3774
-8082
-12220
-15398
-15996
-12302
-3990
6766
13542
17314
15326
9064
1640
-4288
-7128
-7344
-6056
-3968
-1268
2166
5936
8762
9268
6994
2738
-2072
-6290
-8910
-9482
-7832
-4278
494
5204
8328
8612
5430
-250
-6594
-11360
-13054
-11462
-7592
-3192
508
3278
5830
8792
11902
12766
12120
8516
2878
-3038
-7174
-8908
-9140
-9386
-10684
-12290
-12284
-8660
-886
9322
18220
22232
19672
11698
1396
-7714
-12882
-13034
-9218
-3474
2194
6808
9654
10316
8762
5224
450
-4540
-8468
-10168
-9422
-6970
-3838
-706
1852
3832
5120
5540
4854
2878
-144
-3398
-5912
-6988
-6416
-4300
-1072
2598
5958
8190
8450
6208
1844
-3084
-6558
-7320
-5404
-1970
1546
3930
4634
3918
2526
1328
880
1396
2666
3836
3862
2082
-1224
-4994
-7858
-8730
-7406
-4704
-1916
-167.999
-132
-2008
-5458
-9310
-11394
-9282
-1732
10504
24306
35074
38518
32736
18844
1094
-15308
-27006
-32148
-30992
-25160
-16954
-8422
-977.999
4668
8246
9680
9216
7462
5390
3330
1454
-88.0002
-1000
-986
-352
146
-110
-1096
-2712
-2562
-1038
1622
4664
7164
8182
7148
4198
132
-3532
-5528
-5116
-2554
922
3612
4154
2040
-2480
-8708
-15628
-21638
-25050
-23986
-17126
-4756
11342
27078
38386
41624
36080
23860
8812
-5288
-15994
-22242
-24110
-22316
-17618
-10686
-2768
4222
8656
8728
4084
-3060
-8840
-9068
-1708
11476
24736
31060
25698
9050
-12542
-30718
-38554
-34178
-21004
-5182
8014
16266
20030
20834
19546
16146
10324
2858
-4426
-9420
-10900
-9178
-5876
-2788
-915.999
-313.999
-733.999
-2176
-4792
-8200
-11564
-11802
-8204
-1128
7134
13608
16056
14022
9018
3552
-184
-1512
-1418
-1574
-3148
-6112
-9458
-11824
-12072
-9790
-5238
576
6428
11222
14266
15154
14020
11340
7784
3810
-422
-4756
-8886
-12158
-13938
-14018
-12516
-9900
-6546
-2652
1336
5584
9370
11660
11464
8536
3868
-752
-3496
-3532
-1254
2134
5244
6942
6708
4464
512
-4256
-8376
-10380
-9726
-7192
-4344
-2440
-1292
458
4076
9192
13300
13198
7234
-3132
-13804
-20444
-20808
-15706
-7876
-196
6084
11188
14166
17758
19382
17864
13044
6260
-554
-6256
-10676
-14072
-16052
-15708
-12314
-6274
1104
7990
12654
13908
11462
6158
-278
-5720
-8464
-7950
-4986
-1486
486
-53.9999
-2368
-4396
-4292
-1618
2506
6068
7400
5870
2184
-2274
-6004
-7982
-7590
-4650
507.999
6950
13060
17416
19352
18900
16258
11064
3018
-7382
-18474
-27212
-30674
-27398
-18580
-7610
1788
7388
9116
8374
6526
3844
137.999
-4108
-7030
-6046
341.999
10952
22022
28998
28736
20962
8114
-6118
-18428
-26240
-28628
-25876
-19200
-10322
-1430
5684
10012
10982
9926
7048
3090
-1086
-4556
-6128
-4914
-1178
3756
8258
10884
11152
9266
5954
2168
-1600
-4688
-6390
-6116
-3982
-720
2364
4086
3944
2024
-1116
-4748
-7992
-10198
-10756
-9257.99
-5610
-580
4472
8306
9912
8882
5506
932
-3260
-5634
-5476
-3136
306
3502
5344
5432
4068
1876
-350
-2128
-3174
-3388
-2826
-1636
-82
1572
2788
3204
2772
1664
260
-1116
-2164
-2760
-2950
-2936
-2906
-2902
-2788
-2254
-1114
516
2148
3264
3628
3480
3312
3462
3886
4384
4720
4814
4610
3978
2532
164
-3080
-6274
-8774
-9626
-8684
-6370
-3510
-740
1496
3078
3890
3856
2952
1442
-212
-1484
-2088
-2026
-1446
-676
-156
-24.0001
-24
250
1230
2622
3562
3034
616
-2906
-5924
-6492
-3752
1616
7322
10798
10500
6770
1614
-2512
-4004
-2988
-866
558
258
-1654
-4168
-6048
-6472
-5418
-3356
-1020
854
1886
2028
1664
1320
1452
2104
2822
2934
2002
146
-2038
-3766
-4548
-4318
-3384
-2162
-804
588
2052
3570
4992
5762
5422
3770
1088
-1796
-3860
-4270
-2968
-764
1128
1712
862
-696
-1844
-1912
-1010
-54.0002
764
1358
2076
3306
4836
6002
5996
4366
1378
-2102
-5208
-7418
-8516
-8564
-7736
-6240
-4308
-2082
52.0002
1726
2746
3110
2950
2762
2912
3518
4252
4432
3542
1620
-550
-1946
-1906
-530
1444
3122
3802
3292
1922
162
-1506
-2760
-3326
-3136
-2366
-1446
-922
-1116
-1910
-2768
-3086
-2566
-1390
-88
810
1176
1286
1554
2116
2788
3182
3072
2524
1814
1204
780
412
-90
-830
-1674
-2436
-2990
-3316
-3282
-2828
-1948
-806
328
1084
1212
602
-640
-2114
-3178
-3186
-1760
990
4288
7072
8076
7034
4328
986
-1740
-3028
-2840
-1756
-636
-5.66e-05
182
270
622
1250
1750
1588
444
-1544
-3752
-5362
-5748
-4674
-2366
502
3050
4368
4012
2270
-59.9999
-1996
-2932
-2812
-2030
-1012
116
1444
2956
4260
4734
3882
1724
-1056
-3488
-4848
-5022
-4298
-3140
-1722
-162
1428
2798
3532
3332
2334
982
-124
-594
-540
-322
-276
-494
-742
-676
-124
818
1704
2110
1910
1262
466
-254
-790
-1014
-760
120
1488
2852
3522
2944
1100
-1402
-3648
-4940
-5198
-4826
-4316
-3892
-3338
-2106
-200
2046
3980
4982
4882
3958
2664
1328
83.9999
-996
-1850
-2190
-1966
-1290
-432
372
966
1266
1330
1264
1162
1094
970
722
300
-288
-1000
-1684
-2164
-2324
-2160
-1770
-1256
-602
306
1554
3002
4204
4594
3816
1894
-664
-3056
-4558
-4678
-3372
-1004
1704
4012
5280
5174
3746
1422
-1134
-3278
-4656
-5218
-5128
-4582
-3662
-2300
-564
1274
2650
3010
2212
694
-776
-1424
-940
496
2336
3914
4842
5000
4440
3210
1418
-728
-2760
-4206
-4690
-4134
-2836
-1290
28.0002
742
680
-202
-1312
-2278
-2616
-2016
-556
1306
3002
4020
4194
3658
2610
1244
-382
-2178
-3788
-4664
-4338
-2730
-240
2434
4604
5820
5944
5034
3260
866
-1858
-4548
-6744
-7850
-7452
-5516
-2558
562
3024
4352
4620
4240
3678
3156
2628
1890
754
-708
-2192
-3304
-3706
-3408
-2672
-1832
-1146
-712
-384
124
1054
2338
3660
4546
4642
3836
2254
254
-1726
-3372
-4440
-4844
-4592
-3742
-2234
-360
1660
3386
4354
4358
3512
2152
674
-592
-1472
-1922
-2050
-1974
-1730
-1296
-700
-53.9999
522
912
1082
1018
744
352
-68
-380
-486
-350
-78
266
632
990
1250
1236
824
1.9e-05
-1034
-1992
-2520
-2430
-1802
-962
-226
292
582
722
726
562
250
-40
-134
78
514
870
896
652
418
420
706
1032
1060
566
-270
-994
-1076
-462
528
1306
1540
1096
196
-760
-1476
-1900
-2106
-2166
-2050
-1714
-1194
-612
-86
354
774
1272
1894
2514
2874
2738
2132
1260
342
-446
-1102
-1636
-2016
-2168
-1960
-1388
-594
162
644
744
486
20
-470
-808
-882
-686
-300
77.9999
330
422
504
840
1562
2456
3052
2870
1732
-130
-2136
-3626
-4218
-3988
-3290
-2494
-1744
-898
254
1752
3284
4326
4478
3796
2552
1294
364
-248
-776
-1448
-2238
-2876
-2988
-2396
-1232
76.0001
1066
1416
1094
312
-440
-806
-618
32
752
1082
712
-246
-1322
-1902
-1648
-668
610
1688
2298
2442
2306
2018
1510
692
-420
-1582
-2408
-2582
-2020
-938
264
1240
1818
1994
1816
1302
484
-536
-1580
-2438
-2924
-2914
-2462
-1768
-1106
-654
-448
-302
49.9999
764
1778
2848
3650
4008
3762
3256
2420
1240
-246
-1854
-3222
-3926
-3750
-2790
-1426
-118
786
1148
992
494
-130
-658
-894
-764
-350
108
398
470
472
570
810
1028
1010
668
200
-62
146
744
1284
1230
322
-1220
-2750
-3624
-3550
-2694
-1502
-380
514
1270
1994
2694
3248
3406
3064
2230
1062
-230
-1446
-2418
-2996
-3096
-2692
-1890
-916
-16
682
1202
1650
2094
2432
2476
2210
1500
466
-716
-1848
-2738
-3262
-3356
-3040
-2400
-1630
-858
-110
694
1660
2748
3724
4270
4064
3008
1322
-542
-2080
-2938
-3056
-2638
-2022
-1504
-1172
-888
-468
190
976
1672
2062
2104
1942
1780
1722
1640
1242
364
-896
-2152
-2966
-3140
-2782
-2204
-1724
-1420
-1206
-916
-420
314
1266
2344
3376
4108
4274
3670
2410
850
-574
-1648
-2376
-2856
-3174
-3122
-2488
-1214
394
1750
2350
2090
1280
386
-260
-664
-942
-1136
-1146
-798
-66
826
1482
1594
1102
304
-376
-662
-536
-180
186
450
610
736
886
1024
996
676
44
-748
-1470
-1922
-2078
-2026
-1854
-1610
-1228
-666
66
838
1424
1678
1602
1354
1068
772
402
-94.0001
-586
-830
-620
34
814
1308
1254
726
38.0001
-490
-780
-966
-1214
-1524
-1676
-1358
-484
706
1752
2244
2086
1568
1128
1034
1156
1074
418
-768
-2032
-2752
-2562
-1670
-716
-324
-678
-1362
-1726
-1328
-280
818
1372
1174
518
-50
-144
218
722
1032
1022
850
792
1020
1466
1884
2010
1704
992
4.116e-05
-1066
-2026
-2700
-2976
-2840
-2378
-1760
-1160
-684
-278
204
850
1612
2216
2376
1968
1096
110
-644
-954
-844
-516
-196
-16
1.99998
-80
-138
-28
342
926
1550
1994
2088
1790
1196
458
-278
-920
-1456
-1898
-2258
-2484
-2510
-2288
-1820
-1158
-392
350
924
1202
1140
850
594
618
1026
1676
2286
2544
2298
1570
500
-710
-1840
-2678
-3060
-2910
-2280
-1332
-268
696
1382
1660
1542
1158
674
220
-152
-472
-832
-1226
-1534
-1552
-1126
-334
536
1134
1272
1044
708
548
698
1076
1472
1690
1636
1338
878
314
-322
-998
-1632
-2110
-2340
-2232
-1814
-1178
-490
74
436
626
766
926
1060
1028
714
116
-614
-1234
-1544
-1494
-1216
-916
-704
-526
-240
240
888
1574
2136
2440
2450
2178
1630
826
-148
-1106
-1804
-2080
-1938
-1510
-1028
-620
-264
170
756
1436
2024
2322
2214
1698
864
-142
-1180
-2146
-2910
-3294
-3162
-2512
-1524
-464
448
1060
1378
1502
1536
1536
1478
1352
1168
928
626
212
-336
-982
-1594
-1988
-1992
-1580
-918
-268
156
296
246
206
366
792
1408
2026
2460
2578
2298
1604
552
-694
-1964
-2988
-3490
-3262
-2274
-706
1040
2574
3588
3876
3406
2278
690
-1126
-2872
-4248
-5020
-5028
-4300
-2972
-1294
430
1910
2926
3306
3050
2284
1258
260
-470
-784
-668
-218
364
890
1214
1292
1126
776
324
-132
-544
-912
-1254
-1506
-1564
-1302
-670
240
1228
2004
2352
2224
1690
936
150
-522
-1014
-1348
-1626
-1924
-2280
-2624
-2816
-2674
-2068
-1014
332
1722
2904
3702
3996
3810
3246
2422
1396
224
-1024
-2220
-3194
-3766
-3800
-3248
-2192
-812
652
1942
2854
3286
3252
2876
2254
1448
508
-510
-1556
-2550
-3376
-3920
-4068
-3778
-3074
-2044
-822
434
1612
2600
3322
3740
3822
3574
3006
2148
1092
-26
-1088
-2004
-2684
-3042
-3000
-2510
-1592
-356
1006
2256
3156
3530
3286
2458
1212
-180
-1478
-2482
-3092
-3288
-3124
-2700
-2066
-1266
-318
664
1520
2070
2192
1870
1232
526
-0.0001148
-166
37.9999
528
1156
1776
2234
2422
2276
1790
972
-128
-1444
-2824
-4082
-4964
-5216
-4724
-3540
-1908
-146
1430
2536
3102
3210
2976
2478
1774
896
-60.0001
-970
-1666
-2002
-1880
-1326
-396
736
1868
2800
3374
3492
3084
2192
892
-652
-2200
-3518
-4336
-4420
-3684
-2218
-286
1764
3520
4646
4884
4164
2614
484
-1800
-3866
-5342
-5952
-5604
-4374
-2516
-398
1542
2980
3700
3690
3076
2054
846
-352
-1324
-1872
-1866
-1354
-484
530
1470
2152
2398
2158
1514
682
-52.0001
-476
-472
-80
502
1036
1274
1068
382
-666
-1838
-2860
-3460
-3500
-2922
-1776
-188
1598
3314
4674
5410
5310
4296
2452
76
-2442
-4656
-6208
-6848
-6478
-5176
-3214
-972
1126
2738
3672
3888
3440
2468
1176
-172
-1298
-1940
-1940
-1268
-48.0001
1426
2826
3800
4116
3668
2554
998
-708
-2262
-3432
-4058
-4104
-3622
-2678
-1378
162
1770
3204
4232
4656
4334
3280
1642
-294
-2150
-3572
-4322
-4370
-3858
-3016
-2050
-1128
-318
376
1016
1596
2048
2264
2150
1712
1044
300
-318
-690
-754
-544
-176
210
476
562
498
376
316
326
348
302
116
-246
-708
-1152
-1462
-1560
-1414
-1054
-554
-40
376
654
828
956
1076
1200
1314
1380
1372
1276
1072
756
342
-150
-714
-1332
-1926
-2402
-2622
-2488
-1980
-1148
-108
966
1874
2444
2564
2228
1530
658
-204
-934
-1472
-1830
-2026
-2082
-1982
-1682
-1160
-428
432
1282
1962
2402
2560
2458
2118
1590
918
156
-628
-1370
-1984
-2340
-2342
-1912
-1072
18
1162
2142
2792
3040
2878
2396
1732
974
194
-552
-1260
-1920
-2534
-3058
-3406
-3500
-3304
-2840
-2174
-1418
-674
-25.9999
502
888
1110
1158
1060
870
634
388
204
136
232
508
956
1470
1972
2388
2664
2794
2736
2468
1984
1360
668
-36
-692
-1262
-1736
-2134
-2474
-2738
-2878
-2864
-2702
-2346
-1802
-1142
-448
210
800
1300
1708
2066
2396
2656
2772
2668
2300
1652
738
-386
-1610
-2816
-3918
-4770
-5216
-5112
-4358
-2978
-1124
950
2886
4364
5206
5362
4906
4010
2932
1862
922
116
-570
-1160
-1688
-2124
-2398
-2446
-2242
-1836
-1312
-738
-214
152
336
336
190
-24
-216
-268
-146
110
442
778
996
946
506
-284
-1274
-2242
-2928
-3054
-2458
-1178
540
2388
4018
5102
5450
5112
4232
3070
1876
850
66
-554
-1180
-1908
-2758
-3680
-4524
-5100
-5228
-4814
-3896
-2608
-1106
438
1838
3004
3846
4310
4332
3888
3024
1814
416
-974
-2148
-2962
-3370
-3348
-2932
-2176
-1190
-100
996
1986
2734
3134
3146
2770
2030
974
-256
-1494
-2560
-3288
-3556
-3304
-2584
-1524
-292
976
2134
3080
3788
4274
4504
4390
3848
2862
1464
-232
-1994
-3530
-4574
-4966
-4686
-3822
-2570
-1168
142
1200
1858
2048
1778
1132
238
-766
-1744
-2512
-2914
-2850
-2294
-1310
-96
1092
2004
2536
2706
2636
2498
2436
2468
2524
2470
2184
1608
748
-314
-1442
-2444
-3184
-3608
-3726
-3584
-3204
-2570
-1664
-492
856
2192
3280
3884
3846
3120
1814
184
-1430
-2696
-3386
-3418
-2846
-1826
-592
618
1586
2154
2268
2004
1514
964
458
63.9999
-160
-186
-20.0001
298
700
1068
1290
1312
1092
666
48
-674
-1434
-2078
-2480
-2532
-2216
-1584
-726
196
1014
1582
1786
1604
1098
398
-344
-1010
-1512
-1816
-1940
-1956
-1922
-1820
-1572
-1088
-336
634
1692
2650
3364
3708
3658
3230
2482
1522
468
-540
-1338
-1806
-1900
-1678
-1282
-868
-588
-542
-706
-914
-938
-578
196
1212
2182
2732
2590
1694
240
-1380
-2788
-3638
-3758
-3178
-2134
-972
58
836
1364
1698
1918
2094
2254
2374
2382
2214
1802
1110
174
-908
-1932
-2674
-2934
-2636
-1876
-852
156
868
1098
836
236
-518
-1176
-1490
-1372
-890
-232
454
1048
1396
1354
942
358
-298
-992
-1524
-1596
-1120
-348
360
898
1258
1460
1550
1750
2490
2742
1584
-514
-2080
-1398
-238
83.9999