    1.75
   1.474
  0.9208
   0.573
  0.5491
   0.559
  0.4017
  0.2807
  0.4881
  0.9075
   1.059
  0.6691
 0.01504
 -0.4196
 -0.5146
  -0.559
  -0.753
 -0.8926
 -0.6852
 -0.2472
-0.05902
 -0.3945
 -0.9775
  -1.325
  -1.319
   -1.25
  -1.319
  -1.325
 -0.9775
 -0.3945
-0.05902
 -0.2472
 -0.6852
 -0.8926
  -0.753
  -0.559
 -0.5146
 -0.4196
 0.01504
  0.6691
   1.059
  0.9075
  0.4881
  0.2807
  0.4017
   0.559
  0.5491
   0.573
  0.9208
   1.474
    1.75
   1.474
  0.9208
   0.573
  0.5491
   0.559
  0.4017
  0.2807
  0.4881
  0.9075
   1.059
  0.6691
 0.01504
 -0.4196
 -0.5146
  -0.559
  -0.753
 -0.8926
 -0.6852
 -0.2472
-0.05902
 -0.3945
 -0.9775
  -1.325
  -1.319
   -1.25
  -1.319
  -1.325
 -0.9775
 -0.3945
-0.05902
 -0.2472
 -0.6852
 -0.8926
  -0.753
  -0.559
 -0.5146
 -0.4196
 0.01504
  0.6691
   1.059
  0.9075
  0.4881
  0.2807
  0.4017
   0.559
  0.5491
   0.573
  0.9208
   1.474
